19
960 111
66161 53154 83591 5471 32705 2051 51196 87712 51876 84810 38070 7544 59943 265 29567 50052 33843 59687 39628 46174 12061 31496 30117 44935 78074 94952 88364 25961 52636 54891 43639 23922 10869 65075 60256 44261 74361 59962 50486 72223 94999 46962 78036 84873 28768 89679 99308 31978 87227 107 87445 10246 25355 12806 9546 39021 21090 54143 53485 66862 31336 50403 5725 11448 59494 42225 97687 946 2488 96093 9421 48693 74055 12818 48316 52283 4772 51861 54444 52327 54465 77346 71564 42917 64418 97240 94718 17116 49114 48563 76539 19431 63779 15855 26599 99784 59873 54522 17016 35120 5475 71219 10637 79676 62456 8638 84320 9966 3101 63356 62564 
127 166
97215 87635 28931 88430 12104 87820 84053 78249 88266 66788 301 810 84019 36983 22991 15040 84728 83532 64358 87293 32521 55854 30591 87753 70799 30355 26769 39882 86514 23789 18976 18423 57417 70028 70611 54155 63291 87987 43835 26343 77077 65688 4153 31014 55052 46627 79279 57721 25641 12558 28323 43812 32205 50538 77426 23855 88751 526 92028 52968 4890 93210 48953 37605 17246 45034 17350 58952 39690 44837 19709 78001 81732 74849 59523 4516 53453 86515 86775 37644 59081 54498 35595 2696 97415 32286 24278 98764 26328 23775 56487 42336 5963 91854 90044 19490 15975 67221 17651 9075 46697 5569 22150 57398 36695 61459 99219 77496 80727 9588 63962 19691 39232 46453 51460 72165 67429 57174 64294 94962 89084 38766 73486 61415 9102 68481 95687 35806 91455 74049 59896 51446 55391 91765 68877 14794 13681 20701 644 36412 24177 23978 15760 43662 29480 2689 87014 8588 43933 29470 59389 46709 44471 30136 28015 96219 94682 54581 35244 3290 58438 24364 32030 16266 48383 2286 
345 99
18836 75269 79204 27194 34081 25046 4985 77433 41904 57555 46830 60681 967 89275 81026 70269 89511 10102 14136 90733 71580 11155 46541 33481 22031 58235 69386 880 40688 54618 53371 32967 25490 57587 94392 2813 32687 70045 53952 67835 58714 44631 71140 25649 9844 54833 46918 13096 51657 46239 82196 47976 27876 38844 18924 67453 58569 53331 12122 62120 91040 14529 35146 16279 9072 2793 43678 85130 62251 5633 93506 63367 35454 49783 13273 93210 59800 47044 83797 60044 698 32086 54759 48436 909 79533 19434 11569 31543 3643 49726 8460 70007 38678 18780 52092 86962 48445 71301 
104 54
95619 69418 96133 16248 22098 80343 94477 37849 4386 66805 98845 21326 25208 21149 86878 47235 36575 93797 53039 49340 86013 96734 44980 68697 6276 35639 20568 98458 75719 53550 22566 13050 32099 91627 26272 54642 54611 51093 81443 141 57624 73823 46697 47165 87373 29692 20911 64295 59961 83204 6582 65174 22182 3160 
210 803
4210 72048 29004 98060 15072 22579 11408 45747 24776 89771 10746 65071 94528 51640 30799 39858 98629 72103 455 31155 83078 43732 66133 26182 9177 96161 11532 12898 3195 28829 5137 46747 60588 88968 18578 47823 60642 22463 24962 35530 97688 62482 5594 69501 60500 91480 69242 89742 13220 55261 15708 23853 66523 69819 69725 84767 60578 74545 10766 95184 33530 53330 18824 18355 27601 37845 38785 58998 60008 39073 81913 10836 42316 34837 2922 26647 42829 65714 80175 78540 96359 72298 44873 70269 55665 55699 53139 50632 46877 84179 21069 38691 41632 84060 7921 25556 10940 93773 24824 46707 77759 44384 39272 488 20730 62388 80183 65286 96284 14156 89982 91363 67019 37465 16054 10154 76532 26419 78093 46722 76710 30858 2260 54902 71368 61518 66322 72783 72973 99071 25295 36350 46431 21737 95402 89346 98722 14905 14553 1699 34620 51624 64513 88697 72890 9818 92573 61287 17193 61388 94949 97897 4894 87720 33176 98655 44476 49964 97695 14332 91568 53125 28357 63045 48535 15038 84378 29049 45406 59467 78622 47706 21225 69597 95300 47094 12026 21902 65584 25887 10551 45704 4941 19363 87332 72021 83485 51248 20226 18976 14256 98468 84593 33571 50191 65519 70052 83578 61011 62698 31084 62235 52433 88411 13089 44523 92853 60954 86092 58014 99034 43451 66891 73469 23834 36816 31702 43415 99163 35139 75995 32777 86499 96774 18649 39844 84861 35447 5883 69508 27254 59652 33685 23002 44999 58017 25598 30075 81507 83642 75684 63730 94358 1185 54595 98657 29633 28799 68703 31210 17220 56256 44139 61703 98760 75197 50083 71142 26677 22134 30524 46809 13379 10027 90503 66513 9785 77105 5101 61538 17197 45187 58120 70553 18907 63673 29122 85847 94120 82253 23624 25291 6643 71483 9190 94352 91086 85663 34839 45521 96910 50251 33912 23604 81534 85520 58530 99757 30756 9960 61492 51803 91386 10729 19161 27854 16595 58336 99356 89394 6088 54707 58678 84242 5031 28143 4105 84503 42137 86128 49057 52479 20807 53327 93178 36075 61452 10855 53303 54080 23603 72035 94340 54770 52469 47888 66997 74768 91699 94034 58626 23213 66157 40806 77389 89961 73897 58653 90268 92 80658 68327 60606 53296 40201 72930 66931 25860 26718 86428 500 48335 80730 38888 49685 3364 18465 32426 46774 16380 39042 63024 93248 71738 92233 59329 91630 57837 18098 76048 10868 96064 69085 20923 84737 13492 37894 88283 75928 26753 85738 84867 83374 4822 56609 42624 71983 54724 85929 64493 65616 72914 5738 37259 37540 59268 4126 48624 54268 36066 24618 81356 27894 2552 1341 16421 92115 48179 8287 47067 85413 95581 20744 65419 34323 98363 81369 29372 8402 77215 93618 7698 43492 19902 92464 6290 37262 37676 61610 4324 48805 8561 84518 13066 55777 94497 76057 85280 97406 43386 7952 30822 96495 50558 74911 38190 24426 60661 80945 60190 9445 7198 29571 98419 13598 21329 43003 64927 99265 71680 20041 85906 22064 54622 17708 30430 66185 53634 51781 79269 85182 97196 1130 72178 56812 6094 5347 75651 67800 79406 65952 24228 84903 67210 71814 42403 97817 58342 31623 88572 31890 35848 44858 45593 15678 9034 70559 90910 86409 95381 87134 27856 87111 81435 97286 80210 48292 20446 25663 91000 30945 44324 91954 37323 11680 41057 98490 59825 8172 76717 95638 81102 93892 11842 93642 30742 18219 42575 17791 10870 42937 8376 92815 27280 78913 95230 93316 43342 75302 90895 68516 95518 3997 72148 63477 11634 17265 15429 51509 42411 779 45412 99117 91262 78806 26861 37063 42235 50788 11548 24394 48840 24478 66280 55124 52624 18516 28525 61144 61450 80384 93051 33570 67888 16681 29065 121 82886 77067 744 22436 57258 21217 58989 100 81056 72312 38698 95648 82339 23125 95176 49402 3918 20163 75468 70396 11676 27501 19222 37038 26615 90580 27554 94651 81532 13715 79976 89927 23928 36824 60749 10973 74776 53458 69971 93457 82849 17115 45369 201 62155 4861 33177 79974 8217 66001 21968 62456 84158 66235 72504 19753 37363 44811 85130 2764 46591 9133 18185 67071 15876 44640 35342 14925 43733 61373 343 61847 81548 30514 97859 62116 80017 66720 40230 41330 83175 67774 14724 7632 57296 95900 58850 86274 12763 62270 9829 84308 93986 54540 67175 16326 92235 87579 56987 1258 21384 72128 1931 70893 72356 17783 54656 49035 37335 36141 30654 89447 62976 33540 79597 54079 12617 78776 6257 4362 749 60823 69779 19570 37954 94943 83173 46493 79331 96410 57512 35533 71650 54140 97235 73126 68966 96650 3013 55035 43315 204 61133 99035 91147 80119 93853 54066 97314 48758 18191 904 93428 71577 65315 38631 20831 49752 34886 93139 50338 30606 8473 76641 94103 78080 42733 86630 15527 84463 18063 32384 95564 2246 29045 86033 93232 29168 72647 8249 63549 21248 45340 55846 23873 42227 84563 35786 28747 92074 82769 18921 52895 67899 20108 2618 33106 11089 92978 40923 58697 94827 53155 93936 31643 71674 9110 92636 89862 39734 74452 86382 83345 64569 48047 24276 
431 237
55725 66772 81847 77206 44399 99712 3558 40671 30304 91046 13449 22890 30469 45169 2588 85834 62134 1431 62689 18893 29800 43737 39103 62081 30973 29150 74223 27480 99121 20458 98710 76694 86951 37827 61787 55982 42173 61302 22893 39047 62357 4209 37863 91798 31827 45917 91329 84565 58690 4830 59108 2264 77572 39178 83266 94467 99969 73950 29652 55647 72195 69665 65585 7263 19075 90536 88229 38638 72262 40295 55605 27545 82346 13960 34951 82383 7502 60647 15168 50832 2244 13851 87171 40723 96435 1347 85453 59992 62512 65912 81338 80882 77153 79805 13662 76749 34921 53527 32501 82369 21227 42621 92753 29528 3999 13696 76913 60992 8907 32588 98972 88294 62211 27932 6797 81610 18426 29663 44210 85744 95715 69982 73379 40083 47122 32021 42558 84654 50747 94990 16169 55445 82226 3181 31925 34907 50381 57392 66020 10757 52499 5018 21587 86627 63459 71095 8962 82137 16612 21499 70601 22959 33436 27976 28800 40195 29436 46090 94081 10807 95143 73701 92226 73487 64060 5894 71431 93587 34093 75662 87337 24008 69485 8378 88687 23237 67951 98151 1977 37402 79031 45978 69962 33304 34143 45988 80654 57162 61119 89330 90534 71145 24182 19662 84326 21800 36019 31021 4326 21297 63082 84077 84812 77011 76058 12218 95060 73174 74407 83313 12044 34793 68770 28893 36765 8192 2858 29290 77951 96293 85919 95589 65575 28992 47851 90678 98527 7642 96954 71162 54005 68838 25324 28068 19487 40750 5598 
773 414
75136 75902 2547 61371 15486 60291 10897 87179 61969 15518 40931 4123 81216 79816 64401 21651 13759 1209 55143 76369 54273 88687 16022 1433 22122 80618 50750 14048 60089 37690 61772 7865 78684 55563 97602 66423 65974 5864 6919 47729 44107 51565 48603 76312 22685 62080 8475 55010 15369 34911 82171 95745 11948 21067 50344 89177 26354 80308 59114 5954 62261 64335 91001 25807 1904 73247 3227 72668 74422 94839 73686 56309 2160 25659 9426 54359 72888 56365 40900 66865 39750 89292 69003 25378 19769 72084 74427 47246 53293 12367 72880 69570 84781 61749 34776 36856 96812 10818 68147 71569 43473 54699 64855 72068 65029 4419 37383 49589 13041 55465 98151 35877 44909 68235 58085 59080 1871 51228 19322 66995 66 88768 80130 76286 19499 64388 54996 96306 11321 2259 45823 83921 95228 2002 25949 91553 71440 52749 9033 37301 45725 35520 38525 39739 57091 96323 80110 12658 60062 24575 25085 38060 26302 44798 62500 41749 11912 14955 84172 44507 18867 12628 17316 19722 79389 38865 9617 99274 39305 97965 28461 9116 52588 40332 2756 6583 32233 10651 65945 91564 80567 84957 53506 43335 92352 82325 7525 90151 31355 48130 3619 68181 39026 21772 55724 22849 91569 59528 22581 19898 72582 60357 57874 20867 36688 37267 70689 77819 76815 84806 69938 81533 21198 85862 10184 65072 11080 80307 8576 71093 56604 47106 89522 93634 30588 31810 37145 39234 75437 18694 64494 64975 58186 90505 66333 56414 53411 64226 87989 18 76781 14586 79617 99424 63814 44945 55064 69951 71366 65832 78980 19092 27160 34155 89136 57047 89321 95708 83815 24959 49388 17138 19390 74132 35249 42368 17099 56525 30500 15093 49498 23357 70947 5396 57725 13108 9250 51659 31799 20407 64038 32600 66056 12595 98531 19694 42710 16841 34768 38554 50775 14896 85998 16143 57408 6431 51993 61312 47808 992 3447 21853 62323 96979 62596 14738 47531 48263 27971 48299 57142 62853 90669 38470 14766 50141 15092 20947 13115 33463 68991 80875 56363 24544 57059 40416 18359 22540 84634 45291 16567 57555 17818 57597 71937 12476 46287 89792 27480 78908 45488 24255 5703 62149 340 85500 43252 89374 83085 87473 62285 82901 69699 27761 31686 33632 46121 84406 87995 87020 21310 82453 99582 90526 4707 97600 28966 70584 1933 36156 73031 76853 18587 45825 754 76254 78416 12277 89712 94678 64331 23163 32132 96821 95330 2072 69899 65090 75996 13329 8511 35709 23917 60699 32447 20311 44374 93012 85050 73705 55725 57360 60039 33144 17957 56430 15057 27293 18450 87844 33255 14406 65491 62585 
114 194
2322 40326 24691 71202 24433 72304 73295 28486 35741 23543 43368 54662 5497 81652 33781 38598 98044 6635 94030 49272 30558 821 32095 81906 70316 78308 67996 41188 940 82152 70812 86430 20937 62697 68062 8558 53712 48937 68053 95037 51653 47188 25323 56098 8916 30134 7546 59861 14948 17938 17487 52111 71077 92953 51661 51397 93470 72583 80417 15729 78132 935 78445 1 22807 94910 88417 6118 55389 59556 58616 94742 30803 29476 45797 24738 61975 4233 15025 42982 72485 34149 2323 57252 20288 87430 13262 53029 25348 99822 96131 64326 29605 76584 9241 12805 353 23576 28931 80622 91702 51977 22320 6336 9910 87042 70550 62195 54024 54935 93529 58154 6184 2583 41685 67949 54718 55328 99893 12004 73117 281 80846 34988 97898 43593 71125 54493 80534 64818 6027 26252 84977 48631 21092 73304 46507 68869 27269 71646 73166 67575 72811 76565 59999 32086 40802 48743 17238 73397 34951 57488 18801 76519 57281 7698 93127 65528 36136 62439 14199 86734 17686 7781 83031 68901 63964 17914 36634 59353 53505 38242 97512 88905 44321 79399 48192 71622 83876 90690 82029 88977 25611 27325 90950 52751 3562 91592 99972 327 2092 71935 66610 27782 
618 856
27522 77153 51718 44355 3320 29410 67041 41814 7187 46773 99392 75526 26191 22348 95756 22088 15797 5390 57675 39131 85310 29460 2607 40199 27228 61240 93244 24846 19358 12285 19187 19053 47371 94848 50470 77047 72891 64086 33049 37044 31390 96396 1350 85063 37503 22984 55919 39747 57146 80197 71742 38451 87850 51938 98683 59195 36091 46832 53495 51946 85886 65981 69406 23950 40096 86336 70941 29202 29239 30585 87729 69637 5160 97193 20603 41236 95683 14941 46127 52535 97805 79950 57360 44712 96155 95880 69031 20072 44167 41850 76355 25447 99183 198 24275 33834 30922 1150 54656 56577 29337 36795 98457 55960 78787 20872 42408 55235 95279 77823 46034 34802 59506 69283 16952 99192 61653 4181 25081 26563 23015 11809 1608 88013 39586 5513 4339 47006 6653 95217 29631 66862 85584 13120 84448 95101 65289 79559 52411 90270 7938 30540 20776 50776 62700 5234 31244 3956 37463 59320 50951 4838 18808 20440 85795 71857 57083 11468 30630 16971 48613 87017 71028 31881 28870 6147 97557 96048 75059 79104 20798 4504 13257 32586 14919 22097 49647 84901 47167 32953 65609 8848 66868 53207 85700 80948 66365 23495 77360 31947 79028 23560 8437 24108 22359 57625 24268 17316 92171 40644 40049 41039 66797 9852 50839 14517 16929 21155 85789 30863 81491 55998 82525 87701 99275 71906 11394 50068 87377 67238 31663 72301 44116 41879 64856 91975 16144 53887 26369 94567 38825 34754 17844 36921 94103 19799 20649 10064 19502 47061 60144 25405 64692 46151 35200 3286 90746 36891 17629 66687 66460 75858 40680 65858 22945 77018 61961 51273 65381 79939 58263 72202 34281 60101 79819 84863 82165 80338 98609 43892 32367 80071 34884 37293 62334 1158 72673 89715 60730 72502 76335 84139 61472 66390 13707 61761 84474 31761 20999 15634 6391 89487 7641 9166 23311 1806 9146 56718 27929 96595 54213 42414 50663 61149 48768 27657 77907 63944 27062 39220 68266 7176 92811 57089 2103 78325 22909 17374 36618 91691 44962 87361 17516 32053 82048 15454 48057 83821 91519 52010 62761 56866 58901 23642 19109 80738 84532 46977 47199 39486 27328 73137 4528 58727 92998 96467 44851 65368 58681 70364 12693 30487 42566 96220 76568 52324 54028 37544 9677 79781 9992 20800 34322 42967 698 29612 21646 55709 28098 56592 64626 61052 14119 84943 78323 93814 64603 23330 80847 97465 63947 99459 71207 23593 41587 72155 64642 57936 27353 75221 50549 32999 87340 83716 73077 39103 48231 22026 1344 28697 35953 43840 18321 27300 68864 6686 64438 73410 53291 29417 45218 7000 32344 49476 7309 31430 86347 52449 12286 79850 48143 23555 63600 32703 99351 56379 70036 99385 46362 17046 52733 87153 68909 82476 47028 42727 65380 73161 87867 460 74386 59384 75223 88872 82617 48439 83794 16198 14774 95239 37811 26401 5908 57365 41959 82619 89819 63091 94273 92670 3313 15312 75260 84884 95903 1291 82666 1667 83271 25295 33964 79840 25597 78509 43900 62064 68885 97137 94326 37108 85673 57057 75385 76303 36452 9105 29118 22657 63970 17322 64146 94020 8495 70133 25180 29809 16191 49674 2653 69746 6478 63706 91173 61549 51541 19950 33745 49974 40308 44771 12991 72662 28370 23705 9235 70206 26048 21987 13039 93115 32390 12273 90083 41893 47702 2902 95046 20592 62809 26479 28952 88364 8716 83806 62543 51036 94793 38551 83296 14372 73214 82926 77293 98066 75441 85405 66943 96604 87678 85395 38999 35764 45725 85816 63515 19692 96524 53765 41076 95172 29441 44227 95921 68426 99394 9613 66587 33401 41119 65892 20601 78154 42174 13913 506 79576 66878 80412 79439 14515 74602 26837 2731 59372 18392 87879 78775 90873 70408 6915 22774 18785 4660 68324 18657 91001 58119 97051 83950 58799 12763 2317 42655 22030 1053 1607 76069 40015 63610 30612 82477 66532 81229 46144 80362 46177 90846 48086 38105 61656 71142 17081 65249 73991 98639 48 45175 74348 49860 45465 78416 67666 26204 88229 24752 24582 37436 10229 82461 89207 78804 88015 76333 89710 85002 11762 9247 86949 22780 10463 39291 76706 70384 73480 21763 15526 62338 86825 57963 99204 69713 60261 62144 17950 70578 97214 16650 24615 12254 4549 14216 12776 99334 99065 33952 67851 75399 46518 57835 35909 96707 96628 2849 61110 35089 43899 659 29913 7145 56561 8361 27164 23134 60398 98604 7908 24381 4554 45605 6592 17078 21440 98474 39525 86305 79362 92376 18502 37437 15125 45344 18234 21915 31343 29250 7373 97787 73386 25337 78774 73589 15469 56556 41140 14312 55277 59260 38614 21585 79142 20758 8032 7981 11725 24770 169 56235 11823 44896 52975 60817 21095 74556 71176 96154 12581 74082 13980 93956 50493 77810 82790 51656 21574 55197 23528 81901 79832 47638 34800 26803 91492 28567 28020 66957 47446 99066 16787 9616 65015 55640 89730 2862 99159 18860 74302 43315 29901 34701 74323 10110 85385 68393 10852 65640 41749 1744 79070 56488 43561 43174 47972 73261 27535 84980 42447 11367 34696 52659 33612 43470 43126 51611 14438 50985 65773 26434 38907 47191 84940 45831 50162 85828 43630 51752 76791 98754 13785 77842 17144 47551 36266 10547 10733 94223 40513 16089 1907 46332 79403 47570 21396 82006 59612 45231 68913 18386 8047 92409 99728 59232 13083 31775 5538 42736 95654 2908 2042 8751 3655 99223 46774 55997 89545 97944 2319 
610 203
75791 4965 15529 29798 21146 26865 350 47997 29693 31348 79718 53321 43687 5494 6673 97655 88698 23464 8808 86382 30826 53036 26384 77575 67596 55927 63753 58335 24012 36182 37643 16376 54015 38266 69038 53337 52551 24718 19294 9206 3935 34021 66434 60164 94180 96976 52427 6382 51525 72153 98493 83587 9823 23702 5888 7307 29024 65338 2365 19723 16397 17211 24351 25449 46507 65640 53679 66737 74686 59879 4476 78961 62571 77919 71205 21642 33879 98350 85987 6484 84857 51300 56183 56973 82738 1347 11309 16232 99487 30253 45925 95302 7220 46758 76166 15866 57200 40090 70392 77148 23454 10466 49223 2857 78272 78920 27551 95904 39263 69611 15809 21251 59394 87706 56564 44352 4781 66344 61949 75846 39202 51343 17484 82710 66882 3263 19020 98767 44519 69319 69044 81530 23479 4436 36598 43343 98230 56761 12914 36164 83073 9645 83839 40484 86258 71434 47079 15025 39114 76763 6304 57910 38887 4782 7971 35888 60818 8650 23104 2017 36756 50814 99951 2556 20865 54627 4533 46521 12358 23549 76031 34064 37809 29717 55589 67142 43710 48923 72813 17175 73008 91827 44138 90707 46079 22627 9804 98867 35189 83909 41003 58627 13789 18519 73937 16288 91613 80022 58099 20543 17445 64385 40304 
288 384
87627 41082 2492 30084 86352 33324 66035 91150 23356 91158 20286 12135 99149 29687 8349 90007 51674 10316 5255 3654 32781 19591 47914 61874 64861 8964 61824 44210 67610 50844 5314 55063 19868 11891 91212 32552 35855 72666 65512 42433 59892 74056 64302 66022 16768 8094 18388 94403 10911 62094 94634 46877 94376 56699 48833 87616 66065 89683 65087 92997 54771 25577 6755 96275 77227 13479 75838 54124 33614 56427 10169 14448 49529 50508 78150 45725 19787 88846 34053 79023 79543 84749 64610 85871 71456 66702 67168 6660 75061 38654 67000 55957 73060 68694 70063 98375 97803 44117 5766 79956 80968 57539 50559 55392 38715 50484 83175 91041 12651 77720 4296 56091 68505 79896 92320 95470 40308 99175 27741 45628 91955 20782 45452 8189 28230 23934 20942 2098 62981 12610 31713 61164 65605 57540 17255 54572 7247 16384 49641 15590 97090 86163 36576 49511 37629 12915 770 76122 88213 32691 23235 92567 72049 20660 29609 77942 85951 16483 99352 89766 26943 15962 24550 98244 99245 88453 15188 15407 56212 93781 90745 67851 50382 13611 79563 37573 42521 37021 55243 15038 69942 20830 52489 28356 30725 40410 49569 65978 58980 79862 87043 84995 92307 75088 34277 49322 55478 25275 43903 71569 9872 50346 28087 36842 12802 38661 97691 53054 22589 5581 64093 90147 87203 9599 16860 54010 37142 6490 86166 39084 871 30686 5523 55564 55540 49318 79899 80089 90184 38030 73006 22556 91591 47981 8470 76822 8667 94758 75399 272 75578 68478 36171 72333 78310 63813 11820 15636 19329 87131 63652 49060 31608 44452 54288 48061 4319 39407 70798 91255 69335 17067 44927 28292 60229 43222 21689 74663 88100 69302 25874 99778 20061 15094 66288 93322 80173 90872 4720 77999 42616 21590 20100 9006 38823 23402 74450 97774 74901 83713 60070 40501 6247 83245 83483 24646 30460 28994 93064 16928 27772 78393 2929 6147 23815 40448 909 81171 84940 36004 65 65768 5525 93006 14826 2313 24331 4280 16390 96620 48864 79296 14690 40744 53985 19294 89172 81845 86829 27340 67542 94500 32732 69598 99809 56318 46188 44000 52097 18519 77114 529 42557 25800 12905 6930 60824 7567 21402 11197 21014 7608 33874 58728 58909 68395 25736 9829 55050 15757 27301 26270 42141 90777 39999 45835 59843 22299 33782 20658 61052 11741 80960 95313 88987 80949 11473 55487 27865 61768 64849 15187 42202 82338 
454 574
12658 57010 18162 92385 25809 24268 61394 79120 22783 84667 37021 4995 13075 11434 27794 72696 14985 12681 52012 19920 52420 54611 13533 44389 40970 64620 7780 27446 47480 18221 81587 52172 60416 26624 26606 29341 58997 39795 78156 62658 96085 60230 59474 71499 35266 60412 87066 50847 22400 43219 57267 16183 43660 76927 64471 54543 72230 137 45021 20493 17924 64100 87022 47851 85504 74886 13570 96374 50036 61975 64008 62092 52933 74318 12079 41735 77417 1711 36898 26528 62657 41055 31228 33335 32110 7573 24305 70246 3848 540 62179 90801 43928 23953 55922 74130 39039 34509 95546 99756 76669 46888 55404 73712 5182 26534 78120 16930 40768 26848 11518 12272 34329 27756 72770 35383 47349 55912 54995 82894 67347 56232 34192 22579 7156 77984 92770 46597 20792 56629 65264 22536 63742 46991 80941 26367 16248 97243 43190 7428 56407 85502 99148 18112 23913 55555 3174 63596 35339 8530 55791 63560 87124 38429 71595 85319 48751 95778 26799 42396 65700 6770 26095 78332 97698 23346 60281 45735 43433 76343 21082 52581 79934 91600 78490 54090 62368 63429 34334 10847 67723 2915 75930 67550 53735 33875 47499 41786 29558 68277 11987 76742 44990 33565 3658 64121 80643 70880 74509 42146 45980 28170 78026 50229 47381 69077 64576 24675 96385 194 13133 22618 83767 98573 59444 11439 20626 51481 49379 42464 9278 47946 20130 28933 84062 77648 76684 49 55114 81455 20425 94771 87251 44889 89314 59865 38296 54725 2174 49455 20153 15933 28607 35200 70314 62014 46969 14413 34368 1052 33056 71745 44447 82866 55535 56275 7375 71221 3845 67578 48705 85404 4297 12385 93478 18272 82457 19291 83876 85466 1243 88583 64573 78739 40479 352 57977 69898 28990 21682 90670 90916 22155 31877 72623 29957 70581 72925 41604 27881 66573 1799 91282 35009 41483 70230 5125 60258 4588 34702 69127 98154 35880 91203 48045 24325 47211 84376 92108 67269 16132 42942 55016 95468 54860 94953 30459 42708 85655 55986 32760 7478 80169 9611 99267 13104 11679 27889 83078 94071 64505 95456 43215 82642 46042 55295 53002 38807 94347 52769 56048 51832 27212 79878 39755 1642 7193 78978 37187 63480 36225 23253 54177 88133 91161 93900 46909 46088 83696 69955 96948 60749 39002 26390 32679 79224 10014 69129 23364 22317 22340 82671 15096 18800 15470 14807 69440 32529 67482 20409 62706 4784 87493 35025 9406 41075 76250 36853 52464 698 70263 60188 1483 54508 36789 13337 27528 34955 9141 74832 2136 54164 5808 73133 30471 56509 33530 2168 84904 34905 72440 28662 21471 27052 88065 4414 64723 56819 59379 64405 14317 97144 19562 83902 54937 72 6089 59788 17184 16964 5151 99681 92285 8106 79933 89231 81091 70791 39460 92896 37965 28146 51995 17946 48978 5404 61423 30501 20328 60290 41234 22373 77020 85401 76099 81220 52723 90265 71670 60100 54942 25788 36856 73413 49497 43034 4829 93603 45869 20789 77759 63304 62310 85526 48898 78346 51033 65053 86681 5591 83419 25820 85659 61263 63740 23679 11815 6764 42393 41591 51264 57146 82300 11730 77235 90188 14387 28320 82239 83609 92329 13454 84503 96469 8365 8287 65971 39693 49181 40158 34743 81178 57999 1867 87141 30505 66064 66205 86509 9496 12050 19181 78867 29950 68187 83687 19936 37336 82018 52496 22775 97101 66457 2145 84504 49984 66737 28915 52475 3656 97306 31104 42439 93484 8160 67877 42077 47163 8308 49207 71983 48324 4864 65746 50567 5719 89193 4464 79876 36831 90945 7395 39772 52614 77847 96302 10378 25190 35892 61067 3651 15727 75541 48734 
732 431
28817 6092 86503 66348 23425 2161 70610 10 97375 27006 79169 30983 52168 82518 35837 48976 54046 21603 91495 28104 22923 80140 33308 81375 38406 27416 72257 83235 3542 23919 4150 76998 11976 76717 44088 64688 38355 97078 99972 71079 34291 69446 66674 28254 17748 15446 29758 8666 38050 82914 66703 32113 91180 79599 60520 74230 80581 47110 83807 55525 65337 42549 69888 2907 77053 99736 1964 50363 72904 22657 36353 72423 46774 97471 23679 49121 51192 77200 18811 60214 9282 89840 63556 10698 52806 19170 39145 89114 48123 12826 63979 43153 41659 42755 62117 64335 82968 89361 21295 82052 61016 515 74791 97466 70370 76780 97943 13233 13911 51324 46096 81045 22803 72263 32723 17848 38226 68569 92197 87129 10720 792 88346 6487 69041 57953 49445 16994 63847 65584 59015 32627 38126 78073 95359 94807 53413 87200 8815 90019 57417 2640 30251 12133 2966 14808 53860 31001 11093 52144 56358 36349 73093 8708 12162 65371 76377 3997 12836 46071 90978 34314 57217 70756 72286 7205 89749 96658 15082 20122 27980 94802 84300 61137 35431 34610 29785 9240 38070 56734 51979 24404 30624 1502 96937 94261 14378 78116 83339 55597 81543 11142 41269 41424 23092 25173 47451 60186 3579 2752 25325 22580 82351 1594 29658 6913 88763 6735 11263 82328 82279 32696 29927 84359 49001 81221 49330 90807 53634 60334 1768 22105 44269 97150 80628 10305 39462 10717 37532 2862 9176 3989 59833 24308 23164 34959 43843 75673 66759 53897 66133 63063 30257 79207 90853 96400 46666 93502 68651 9701 91916 46038 22692 22430 82032 55068 22431 78621 23088 79727 75360 22998 89308 40884 23122 52517 71020 68371 34151 36007 31325 35490 14829 21789 27937 15739 15147 48305 76939 77262 34768 9211 48338 10137 74045 4066 4435 83595 71293 54487 30057 76466 51043 25368 44359 23090 66406 47340 86982 5125 57618 39772 8972 96644 15765 599 58447 24191 80837 66245 12759 5369 95375 20595 8260 40559 1062 328 40611 68873 49623 34707 9795 53730 79579 43572 35180 72240 65358 49949 43176 22634 48447 20410 11745 20801 6696 72487 21445 35318 76683 95189 22020 81130 68363 64737 73573 85576 62267 96655 78888 79601 98542 85943 48831 27291 32020 1949 9456 99424 41805 39075 34069 10948 64055 78128 59970 48719 85673 30538 85629 94238 57819 32825 22787 53075 6144 66694 90060 73523 41069 91297 62432 77361 84933 87292 76463 13191 54782 35228 68608 62645 70855 62442 57419 97866 68529 9396 31998 82256 18445 47388 3952 803 21408 85462 41067 64121 78218 33929 7052 84581 97576 36289 98651 1552 20380 56909 4502 21623 66916 89202 96420 9657 94150 23914 20597 43099 9418 90348 2468 
563 795
79344 71741 5030 74173 65618 71329 39677 12294 53950 2056 4484 55060 30568 83788 72363 24873 11423 94042 28850 78581 60414 88303 32042 3723 82995 82495 38555 62617 1170 83742 45483 70745 82805 99675 96472 92202 83329 40434 35207 29008 8523 97160 29303 91361 70559 33690 15957 6764 20314 68689 89149 7528 53292 89979 48775 72788 31460 72074 3731 21192 3242 62196 37931 52686 23304 87082 69341 408 24590 86578 9270 54104 73241 61836 69556 2772 67816 55763 21696 31656 11482 73252 51399 95538 9271 85493 86971 60671 18357 62632 18883 93813 48339 39130 24450 6171 2086 71051 32048 39071 45803 75293 91911 56685 59083 19920 4199 45321 47024 85654 14575 75029 51379 38068 40817 74620 89864 36177 30837 31067 43191 36767 78654 42800 41102 62176 36773 77244 88424 22830 10214 49009 78466 71566 13473 16127 34937 33798 63237 53218 13992 93325 22398 11747 22233 80047 64617 88758 94049 42875 76929 32190 13712 66684 51783 12044 63225 71668 70473 85995 783 29820 69888 6080 60594 52208 34739 28815 39432 74413 27898 93776 97367 151 90564 71054 43935 77743 72120 87993 86675 76079 48336 23947 19569 60020 7232 44121 17010 85700 74515 98064 72952 25249 95879 79169 64434 40283 87543 39336 21379 29420 37758 48244 19117 4765 77001 75587 5105 41635 88322 95815 12490 2933 74747 51000 43834 22670 19850 27230 90514 31137 16105 10951 13878 55069 68376 2483 62661 78578 39026 76699 93820 34630 41975 33606 95837 94837 46655 9056 42573 56879 9236 5226 54058 96134 81380 155 96012 49329 45455 93353 93424 53174 9262 76143 76950 2626 28926 98583 69512 8155 43617 566 79273 37535 49272 47951 48076 59746 12222 44579 54843 76340 26952 53343 59124 64455 2749 47125 5202 31267 5430 65516 45872 74604 21533 97070 3689 46989 40204 44248 29149 75311 30259 76137 7515 9899 73226 74123 53489 93330 74749 43713 88880 68285 23036 88597 70341 92488 2830 91241 47440 88704 43727 51964 46941 86551 83674 44515 96386 29957 54039 4472 62767 83811 51295 37411 68349 47855 62156 37796 25846 31748 5020 70307 24064 77774 45967 46191 38893 87318 43660 35981 70743 52722 74283 5585 57945 60364 58331 40334 23078 83963 2758 64528 93314 64772 29170 94983 7974 40573 90288 21854 27315 82330 4128 31198 93740 39768 99909 54080 53601 14750 8652 36121 45909 41386 90845 47195 10868 54945 36442 79419 21393 34399 80442 49313 12564 32726 17921 10102 79047 93579 4973 84888 19652 91574 43089 51628 35388 45559 34183 79189 91677 36823 75621 89368 75023 1597 99053 99102 88929 33442 5308 38482 23289 3000 33418 70618 13612 41420 42252 69373 26385 75107 55226 76820 67189 3112 98971 35055 34143 25710 47921 38930 61907 60427 72034 40753 728 59862 36103 89382 9796 21276 58867 88618 94383 37315 10028 43480 96650 1418 56682 20460 68539 94803 76374 66218 71695 18868 30012 63301 31897 51780 49439 15889 83808 19758 91673 10091 75851 71279 83569 90258 16189 15761 8653 49065 37256 48585 61856 43056 39773 36477 8165 66075 95183 97355 66390 90710 60775 38973 24977 84740 6086 83501 60099 1813 32612 36364 17401 15378 53472 66487 61767 73479 76638 3494 969 1626 91563 11328 36343 39090 56605 42754 78506 3950 94831 45945 98127 57583 37976 37603 51130 98286 91978 30834 17006 89786 59910 40054 57494 31956 22829 73595 35716 2805 4079 73835 17866 39756 95057 57459 8788 92419 3788 40088 95137 10048 40124 57420 98842 51922 12175 75224 96673 87201 68194 53163 34936 28620 90003 69674 29760 22642 64203 47949 16473 88600 11836 66980 85415 28038 19539 34650 24864 69995 12846 39951 66439 44366 23234 14865 34750 29474 10507 75095 47014 61490 86089 58282 88166 55112 38751 75796 15383 55733 43450 11355 43584 90777 28202 45768 92527 18900 8479 50466 63820 52015 36165 78730 78712 69243 53524 25685 41460 36831 88782 13058 6722 20969 16332 10987 26846 97318 22913 13909 66382 67211 20105 20858 31569 29816 14441 48658 54709 51121 6828 19940 93297 92005 57716 69105 62777 8254 33877 6551 35689 99199 97654 25902 33466 5022 54607 37932 43625 43636 83061 91461 37150 65666 24063 77366 51867 54006 19287 76386 83562 54410 88068 34663 91078 8881 54893 26235 45377 92990 93220 92356 28671 40901 8278 3560 40566 46505 47291 73955 85299 14616 69577 99676 74872 76662 10722 8116 36519 82773 3060 33148 64412 12447 81256 7690 27124 82526 65678 1348 73776 79360 8671 76610 59409 8696 80085 55059 67872 59491 29873 75394 18116 62210 60363 23362 91144 67061 55588 59119 25164 45340 73819 30763 95308 88554 94310 75703 57556 33074 20142 92817 28251 89856 93280 7755 47788 60355 80577 83923 90263 23870 27583 73128 56189 51296 39680 50212 40653 67441 40449 5276 1596 12604 67893 8006 1321 18731 61110 9851 24070 15990 36398 97383 18993 66531 25622 3815 8829 36246 96711 12876 40761 95598 28458 33432 35795 14490 14036 939 39483 5218 13803 91746 32978 
516 244
99194 59366 39765 38830 83126 95459 54672 47500 94308 61221 11839 16623 72539 70519 68509 8216 15013 86523 91637 21113 31540 76766 40589 13583 17943 49698 96 14058 55254 76338 16262 34484 1205 62493 27659 24435 69912 13617 71403 8797 97627 6504 50019 87095 27232 56806 69825 14162 4778 88801 94843 43867 34218 89899 31611 20625 56140 73384 77014 57031 16376 79205 94353 76696 48243 23264 80437 31657 59776 97327 32151 35122 20822 97602 74600 24330 80292 12721 72503 23080 63103 57007 78497 21574 75617 13901 80406 85824 58175 28987 5062 95309 89479 52410 14714 63664 36455 26440 11342 60208 62034 40978 25472 74744 35059 68906 79263 14174 47796 36807 87486 69564 98070 42927 62277 17490 13193 29589 93022 43587 13616 11912 42613 64667 5160 6141 72160 55795 87581 80120 85907 52355 21736 2886 88247 43805 92086 45116 45880 52171 32576 70411 78029 82008 35784 29565 85721 99253 54055 38133 85456 37855 14912 81980 22879 63797 91074 98119 72704 25736 30768 86812 3314 54290 43012 72002 8951 92726 13194 52471 61332 73405 52856 89155 55074 13954 68683 97718 47801 48701 21029 14918 24041 35399 26013 23687 44510 42583 63754 30923 97486 13107 11768 26339 30100 53980 26656 82155 66810 96639 63783 67157 89295 57272 36760 35137 10164 2357 49800 98452 74886 52584 15063 34468 9575 87809 39904 15607 27587 62505 80095 11554 55350 99384 89529 35913 65581 20229 8788 8883 46014 71670 29650 73165 1430 33483 19878 84906 74815 80475 32909 31664 21313 23055 
632 31
16299 83106 15471 12445 95255 344 20601 22085 57027 74111 35370 79812 87417 5027 50021 77217 9569 85408 98953 69568 31123 10585 1602 17890 77063 48171 51585 33200 55182 68732 944 
330 447
30044 61878 33933 72775 91270 4347 9376 55809 1671 95947 75033 89832 37297 68523 58340 66647 95056 13907 86750 78397 76039 65083 76320 97713 18245 88761 60856 60853 33556 99972 86360 82160 622 86751 99080 80875 44587 44139 6089 38046 31248 36213 50821 54879 17484 61182 42311 41027 76196 25226 35571 95127 47802 34030 22152 37414 80260 91395 18702 26288 95722 32721 66858 32496 85823 82703 83129 59425 72427 63953 94275 34577 97984 42860 89915 62588 63441 40786 61995 34593 75346 74285 6773 45671 3733 39139 74987 24507 21094 64338 8693 22732 42841 91692 29611 62938 20167 33152 81140 43932 76803 73920 95197 45101 92386 41809 9137 67279 54366 97593 65781 63337 29084 75423 97459 57735 22825 8255 70886 48139 85949 71252 66262 90236 31793 29640 8840 71980 84807 6930 33334 38001 75686 51977 38350 46343 45997 66657 40891 92252 61949 32366 36729 84859 39707 31787 63786 40460 71179 86451 34511 39894 45811 24046 19240 93718 24227 52636 48704 16635 70325 1094 41140 12687 37685 44817 83352 47376 94211 64294 38549 98607 47182 25675 60544 89467 88875 61932 52602 53372 98099 64826 99581 32126 49707 16509 57991 4182 32330 13917 55222 62763 14471 21462 40585 14677 80826 64030 25661 37024 68198 24211 3238 62774 10764 10236 86099 63433 40895 47849 9856 15634 8326 60925 15250 13415 47442 67220 67701 15085 85869 8362 36798 69083 39214 88589 6121 93785 68770 53115 75975 31205 48466 21601 23539 2024 3636 8721 49431 9723 43745 7413 14855 96824 23198 74895 75331 81994 63599 79196 46896 25054 65780 82421 32988 46463 23274 17043 80297 36931 8904 8512 33835 72644 3140 56148 48530 16106 27763 28976 25043 37761 91159 26684 39267 61238 80618 76682 68910 27638 88732 24772 32202 73529 3663 47110 83689 22700 59001 73724 32183 31741 39334 93485 56112 86014 89617 61488 11555 21399 32691 58613 5185 14380 8346 41889 45979 39966 22652 48997 15259 19038 37997 43887 92170 56667 45886 53252 54448 66923 71881 72012 66244 80329 72620 26846 70893 15981 2543 43919 56546 13930 52375 48264 4715 2092 70394 90782 50067 35143 7773 83110 88712 13676 91638 84259 86096 25734 87892 21593 59075 31659 44530 33128 35872 4570 54045 60769 34510 73300 8498 41706 43204 70433 81448 7115 43144 34102 21645 5619 51167 80332 52981 9489 57599 38044 82098 81904 26201 66027 3207 92178 79600 17536 29565 66150 70443 56978 28530 77580 29902 42357 499 37717 30861 34368 22655 14309 98116 74119 48833 1716 19836 63948 37498 1120 48072 47838 51502 39531 33160 56771 40814 86071 2444 21309 39593 24591 43364 11622 64912 48766 17054 39160 76171 22379 83316 53487 57849 42791 79189 8932 88729 51294 52132 45233 35018 34898 621 22360 43421 50803 26592 26652 6470 8325 35714 
743 342
4593 85084 48427 59958 35922 14894 72812 66659 64138 40129 4212 3586 40412 79199 18965 12194 8027 10031 60525 20334 13971 22042 72251 46232 77860 61607 34559 57887 70264 5584 97370 98962 51870 13116 11908 54533 65069 95702 51794 56873 46539 22545 97610 3505 32768 7207 37976 81843 16057 45859 84879 61775 28041 39103 85506 58849 57671 50704 12540 15237 4025 50118 80761 10129 99103 57779 83049 3446 57715 17558 50379 3301 81907 88461 64672 46587 13712 2696 37225 30279 61847 81816 86694 50928 58417 56020 86164 65465 95290 90915 53755 83933 32887 50124 16628 76919 21188 38388 63289 36986 83471 70678 59366 72304 15165 2553 79013 60357 43912 65441 62399 53427 73719 73375 66583 52739 33917 21141 25096 2048 15589 82456 80916 82533 74999 49245 81504 58910 71771 96558 645 32733 50686 7635 47432 58621 68148 10681 48827 33209 90986 69921 10206 42184 86103 18586 67094 34740 4774 51758 38025 88385 41477 54601 85800 46956 25079 82810 68320 84723 76828 68655 72758 38229 98364 87116 41035 72718 53188 14491 82282 23315 2462 49089 84928 38359 3901 49267 7388 40863 21812 6952 2467 3580 15694 5324 38070 25843 750 89351 64319 56967 68275 53252 94089 39256 95420 62962 82953 39622 39496 8205 94332 25842 90730 85063 74239 53575 96798 93480 56351 24913 26304 15968 2164 34467 18777 52187 2885 59942 17734 59553 43188 86532 55514 7548 21096 12674 17189 58348 87626 43500 92729 1169 86067 25257 96361 52136 54747 64 54917 13527 70519 37825 63855 75636 41693 13967 90571 75591 85657 67182 70385 89977 81931 33867 21168 20299 49678 28748 62547 67923 93681 33205 80961 1328 55103 98212 75503 50751 19415 83969 39498 10938 45153 6634 17757 70226 95819 94124 72814 82811 74921 62852 21087 5028 15100 35016 36536 45288 45355 48791 13121 29244 49554 5689 61677 69604 20330 11149 89394 68426 47535 22399 76903 16440 81340 82303 81487 93027 87419 7543 90232 96476 41820 83017 62375 29754 61349 56741 90097 63487 87361 10378 85446 51171 55652 35304 7010 53588 44240 69572 40165 8979 26974 96915 46516 83167 88480 23146 23897 23545 
604 14
31093 64712 80675 38867 20545 48629 76161 10475 98852 85072 18649 35801 95370 60795 
